overland_flow_quantile_mat1,overland_flow_quantile_mat2,overland_flow_quantile_mat3,overland_flow_quantile_mat4,overland_flow_quantile_mat5
-0.302370764092136,0,0.0663383286248362,0.177330460028933,0.532528930071141
0.281883493453827,0.621586521355149,0.738398703978011,0.841201541220505,1.03280887286743
0,0,5.84988868457259e-09,0.000934399450095519,1
0,0,0,7.63487079114e-09,1
7.12288396527548e-08,7.78849521843426,11.9535032003256,17.8772271901492,51.8491649057904
0.00831439512602617,16.0265861146421,28.938239471488,44.6647782756454,139.807889076411
0.0108858827844543,0.141401414547152,0.261798235740627,0.444880392740294,1.03103747365229
0,0,0,0,0.525804147523085
8.56068554630931,29.6640780803273,44.168041832626,60.3200366067258,141.618094150535
